n_neighbors=1
-------------------------- 
15, 
Distances:
[0.0, ]
250, 
Distances:
[0.0, ]
480, 
Distances:
[0.0, ]
690, 
Distances:
[0.0, ]
900, 
Distances:
[0.0, ]

n_neighbors=2
-------------------------- 
15, 206, 
Distances:
[0.0, 0.636641781887, ]
250, 272, 
Distances:
[0.0, 2.59950243537, ]
480, 963, 
Distances:
[0.0, 3.53312534315, ]
690, 653, 
Distances:
[0.0, 3.13323464708, ]
900, 580, 
Distances:
[0.0, 0.85866098968, ]

n_neighbors=3
-------------------------- 
15, 206, 300, 
Distances:
[0.0, 0.636641781887, 0.636641781887, ]
250, 272, 373, 
Distances:
[0.0, 2.59950243537, 2.59950243537, ]
480, 963, 254, 
Distances:
[0.0, 3.53312534315, 4.09324531601, ]
690, 653, 980, 
Distances:
[0.0, 3.13323464708, 3.27467445541, ]
900, 580, 688, 
Distances:
[0.0, 0.85866098968, 1.04032563443, ]

n_neighbors=4
-------------------------- 
15, 206, 300, 113, 
Distances:
[0.0, 0.636641781887, 0.636641781887, 0.636641781887, ]
250, 272, 373, 300, 
Distances:
[0.0, 2.59950243537, 2.59950243537, 2.60023504626, ]
480, 963, 254, 946, 
Distances:
[0.0, 3.53312534315, 4.09324531601, 4.10144546684, ]
690, 653, 980, 687, 
Distances:
[0.0, 3.13323464708, 3.27467445541, 3.27866252375, ]
900, 580, 688, 60, 
Distances:
[0.0, 0.85866098968, 1.04032563443, 1.04114763336, ]

n_neighbors=5
-------------------------- 
15, 206, 300, 67, 113, 
Distances:
[0.0, 0.636641781887, 0.636641781887, 0.636641781887, 0.636641781887, ]
250, 272, 373, 300, 113, 
Distances:
[0.0, 2.59950243537, 2.59950243537, 2.60023504626, 2.60023504626, ]
480, 963, 254, 946, 289, 
Distances:
[0.0, 3.53312534315, 4.09324531601, 4.10144546684, 4.10247830264, ]
690, 653, 980, 687, 113, 
Distances:
[0.0, 3.13323464708, 3.27467445541, 3.27866252375, 3.27910827849, ]
900, 580, 688, 60, 1, 
Distances:
[0.0, 0.85866098968, 1.04032563443, 1.04114763336, 1.05309740024, ]

